a <- 1313
b <- "jkfaj"